$ANSIBLE_VAULT;1.1;AES256
36666165343034333135656531316264663237383633633863616339366135313536333835313830
6336306533636562323431666665663266366234336166340a343761376563613133373638633631
34373662663139623164386332313964343538313134326138623434333230343033626636636463
3363393762613237650a346431353334386164376137326232626535336534326361336130346530
37363335616366613337396139653561646237346464616135343333336135373562376661663033
64323037643130333938306663396130376462383433376264306432346565633737386532336635
66663963363431346532313266386466653632363162383036343661646165376232363339373936
33623032646136383366646131393665353864613836643763303038373739343133623764333636
66333133333734353738643561656334306564363631366564303265376365663865353866373933
33656336376239353537623566316666636465363530393462616339356432643939616338363335
36613237363037633464383062313365343862613063313331353939366430356131353930646237
36356331343433646566623039333838353863623935343662343165663631346232663039363932
31636637373630393631313862323763363934633262383634363138376638633539656261633261
65323834383361643233316263316432343963663632373131343332373632653933343936646561
31313532653038313861343666306436366437656631666634646538343463303030346262616331
38383733623665396433383765636263326331646463666535316164323233373830636164396162
36346534373631336635613035386636646634383535663864613664343063343634643337636462
66373230303065616561383766363537366236323934326462656337613938356130313632646663
65376366383730353031346637343464373038643539613663313535356265336665383364363930
34303831356635303066353736306131333933616631343063666563343466616564326665636565
63386562323639303334316537316432356363653431393264353334333235393732653532346632
66623437306163623063363365356465343765333264396633636431363239353139366532316538
62666533346234646133666635383361363165663762343364363730363265326133346238343632
32663161306233393837346466316461653362613533353961346563346331313765333634313534
39356330316363333362363165663561353063353532366231346663393662333932323931653036
62643238623161623630333063343135643433306133303864393137376237356230666135623864
64326639633864663136376539373562393934316339663565353766393039623866373761373330
35323236386564616336343934653636393162333765653539383062393365386662316231653664
62366531316266353366376131323734623636613334316336356163396366653339303033306666
62383430656161613439363566653164323463353139636138336332333661303863386262333135
34333531343464323134316534393131656338333438336432623431306363636239663032386539
65613534663566343236316532383031313166376232366131393337383833323462386138313461
64626561636363386236336434663865343966636633303262336337383531303165333830326661
63386266666132353635663466613438666132653230306430343338353933656365666462616634
37306263616435656533306562626161646139623338356161653030323365653330396530646163
38623038313062313231653561303837313561626565333738663932346564396637363434356366
30366634666537396162653863656436646230663765303137383131336538323634396631303939
34306137313331366339396664663539333262633165333032366661393762363830333761323662
35333137623366363163383261316266613330393638646432653133366639353932613562373231
38636336386136613261383239343730303464636537613836616436646634663365656432653937
32336163393338306338346238333263353530343165633463313136323061323934653335626632
31623635346235363131336538393764336338373462396363373062323634326439376539666466
37633437363565303062323033633865303664313166393164336634656433643366366133376130
38646161343432313337633066326264663937323265306235373566323935636466383461623764
66333461353364336365643233623365653463663032303563306561653436633666363337643963
38646132346638316564323761336432366139313864616662646633333765393566633239643865
66636664373966333736646537303639356533333762333531393939323937666332666138363739
66386266346430313539376338313338653465343230313732356136643562306633343838343534
66386361366332383666333430313931386637386561656131656237646165356131336432336633
62623766356631613465303830616339613030323934396662626139656330656463663463643130
34396232326334616361323062316333343930303765623336616564646432396265613336363261
30666633383133616565613631363663376339633137366538363435363830393035616662356234
33386566643263343161646463663261336461326538643264333264396264656364613466643264
30306565393335653937306566336663316339326466393235343030346165363062346361336236
34396664373433613639663761376665303438393863326637336661323161653234396637626364
34393966306437643365646630663036383164616335306466633832613935376637663462326233
30646163363563373532636336643661323666316637313236323364386432343666623638653130
35663731343135373565613430656432376236363139616431363635663539613935353235386437
32643966373166353932333262323231393665616562383038323730313234633665326439363636
34316664386162626533366262386530386562316538313866306465613538393235303366636661
66623566386538623831376134666665316237653937373236346539306662623738633136656330
63356436383464653835393230383833393438363264656465393666373765613132356334356363
33393938636537363565393538313865376535313337366336333330663636353834326439303538
63663266613132313065353636393635623065336137393964663031313536643934646365373530
63343666663737376130363838656331396536353736656461303438323464636561623730336535
37333263646565376431386532663732636161343732316238356334346439356564306461313165
33666238653362636439336566343933343634636661623262346633656665356636653538383264
35333164396130386631613632366366373038363164323035653663646465353732613936356630
61386635623965313964653438646165356230613435613166313032313532333431623439396135
61646262336435316630653537633931646364376439653035636263633334313866623139666537
31643039373639343235656631353339653938653064633538316566333238363231643666396638
33653039303239613065376564626662646434623237393266613363663332643165393733363332
34666634373861666236333363363464333333383866373533313863393731363634393839363238
63336139666461333439353730633961326630343134643435393933303966663432396432316530
34646663343731313432333535396632616262613134663639643961653336323761383766386561
36376430363938316565633537373436353336646331623937623336363139613835386431313431
36306439393734626132323861323063303064346234663731646464353161316365316238643461
63346230333861656463626265376138333866613265633830363837383239613536303565323663
39616633396162666430383965326533666564383765653061633735303837633564336330346462
66336163383765363037333336353639613962623336663262373139656464623162393035306632
33383266383465623165633033363432343735343064646665393036383434383162396534653036
6163373732663935356666333737613230313635636262623137
